{
    "topics": [
        "Artificial intelligence",
        "Generative AI pornography",
        "Large language model",
        "Facial recognition system",
        "Digital image processing",
        "Data science",
        "Analysis",
        "Statistical model",
        "Data and information visualization",
        "Exploratory data analysis",
        "Data cleansing",
        "Extract, transform, load",
        "Business intelligence",
        "Feature engineering",
        "Time series",
        "Reinforcement learning",
        "Data governance",
        "Big data ethics",
        "Data science"
    ],
    "similarity_matrix": [
        [
            1.0,
            0.45301562547683716,
            0.3184693157672882,
            0.29809314012527466,
            0.2549232840538025,
            0.4148840308189392,
            0.24115946888923645,
            0.13756157457828522,
            0.37993329763412476,
            0.22034180164337158,
            0.18692827224731445,
            0.28549522161483765,
            0.43022435903549194,
            0.2335263043642044,
            0.23427745699882507,
            0.43370258808135986,
            0.19712626934051514,
            0.4305853545665741,
            0.4148840308189392
        ],
        [
            0.45301562547683716,
            0.9999997615814209,
            0.3444317579269409,
            0.169992595911026,
            0.2982890009880066,
            0.19622160494327545,
            0.10014853626489639,
            0.08530564606189728,
            0.31607818603515625,
            0.13446001708507538,
            0.07591068744659424,
            0.16229689121246338,
            0.13548026978969574,
            0.12095116078853607,
            0.010442448779940605,
            0.21142908930778503,
            0.17519541084766388,
            0.24146312475204468,
            0.19622160494327545
        ],
        [
            0.3184693157672882,
            0.3444317579269409,
            1.0,
            0.11314723640680313,
            0.05579809099435806,
            0.17349711060523987,
            0.08579004555940628,
            0.16289407014846802,
            0.10955409705638885,
            0.13513514399528503,
            0.06925417482852936,
            0.1636877954006195,
            0.145684614777565,
            0.18600019812583923,
            0.019308321177959442,
            0.23054984211921692,
            0.08341215550899506,
            0.20500710606575012,
            0.17349711060523987
        ],
        [
            0.29809314012527466,
            0.169992595911026,
            0.11314723640680313,
            1.000000238418579,
            0.35833150148391724,
            0.25331780314445496,
            0.13465826213359833,
            0.09707348793745041,
            0.2821575403213501,
            0.19192199409008026,
            0.2728213965892792,
            0.25442594289779663,
            0.1800624430179596,
            0.12952779233455658,
            0.15158295631408691,
            0.06161608546972275,
            0.1796175241470337,
            0.37291833758354187,
            0.25331780314445496
        ],
        [
            0.2549232840538025,
            0.2982890009880066,
            0.05579809099435806,
            0.35833150148391724,
            0.9999997615814209,
            0.33011382818222046,
            0.16248871386051178,
            0.20930930972099304,
            0.31005167961120605,
            0.11383634805679321,
            0.17774039506912231,
            0.2819482684135437,
            0.16510987281799316,
            0.23585745692253113,
            0.2527502775192261,
            0.11871284991502762,
            0.14608602225780487,
            0.18843725323677063,
            0.33011382818222046
        ],
        [
            0.4148840308189392,
            0.19622160494327545,
            0.17349711060523987,
            0.25331780314445496,
            0.33011382818222046,
            1.0,
            0.34974369406700134,
            0.3601566553115845,
            0.46568095684051514,
            0.42196035385131836,
            0.4144420027732849,
            0.4179690480232239,
            0.44076842069625854,
            0.24658742547035217,
            0.3926076889038086,
            0.14570990204811096,
            0.5419974327087402,
            0.5153802633285522,
            1.0
        ],
        [
            0.24115946888923645,
            0.10014853626489639,
            0.08579004555940628,
            0.13465826213359833,
            0.16248871386051178,
            0.34974369406700134,
            0.9999999403953552,
            0.26062822341918945,
            0.15603743493556976,
            0.301157146692276,
            0.20193365216255188,
            0.18060770630836487,
            0.23471960425376892,
            0.19453290104866028,
            0.32162439823150635,
            0.17379583418369293,
            0.1596522033214569,
            0.21852388978004456,
            0.34974369406700134
        ],
        [
            0.13756157457828522,
            0.08530564606189728,
            0.16289407014846802,
            0.09707348793745041,
            0.20930930972099304,
            0.3601566553115845,
            0.26062822341918945,
            1.0,
            0.11721158772706985,
            0.2637672424316406,
            0.18930110335350037,
            0.1408718079328537,
            0.11501549929380417,
            0.1859082579612732,
            0.3562626540660858,
            0.14818382263183594,
            0.19651028513908386,
            0.11367151141166687,
            0.3601566553115845
        ],
        [
            0.37993329763412476,
            0.31607818603515625,
            0.10955409705638885,
            0.2821575403213501,
            0.31005167961120605,
            0.46568095684051514,
            0.15603743493556976,
            0.11721158772706985,
            1.0,
            0.41549164056777954,
            0.3044925928115845,
            0.36231285333633423,
            0.448697566986084,
            0.1438952386379242,
            0.3652828335762024,
            0.1315566450357437,
            0.3319399356842041,
            0.40326717495918274,
            0.46568095684051514
        ],
        [
            0.22034180164337158,
            0.13446001708507538,
            0.13513514399528503,
            0.19192199409008026,
            0.11383634805679321,
            0.42196035385131836,
            0.301157146692276,
            0.2637672424316406,
            0.41549164056777954,
            1.000000238418579,
            0.2932371497154236,
            0.39780211448669434,
            0.32267439365386963,
            0.16266176104545593,
            0.3235054016113281,
            0.0752008706331253,
            0.25404298305511475,
            0.28881970047950745,
            0.42196035385131836
        ],
        [
            0.18692827224731445,
            0.07591068744659424,
            0.06925417482852936,
            0.2728213965892792,
            0.17774039506912231,
            0.4144420027732849,
            0.20193365216255188,
            0.18930110335350037,
            0.3044925928115845,
            0.2932371497154236,
            1.0000001192092896,
            0.4415628910064697,
            0.3186063766479492,
            0.10361414402723312,
            0.23121732473373413,
            0.12283699214458466,
            0.33669883012771606,
            0.3757213354110718,
            0.4144420027732849
        ],
        [
            0.28549522161483765,
            0.16229689121246338,
            0.1636877954006195,
            0.25442594289779663,
            0.2819482684135437,
            0.4179690480232239,
            0.18060770630836487,
            0.1408718079328537,
            0.36231285333633423,
            0.39780211448669434,
            0.4415628910064697,
            0.9999998807907104,
            0.5328846573829651,
            0.1484648585319519,
            0.33280521631240845,
            0.12330247461795807,
            0.29800400137901306,
            0.3239881992340088,
            0.4179690480232239
        ],
        [
            0.43022435903549194,
            0.13548026978969574,
            0.145684614777565,
            0.1800624430179596,
            0.16510987281799316,
            0.44076842069625854,
            0.23471960425376892,
            0.11501549929380417,
            0.448697566986084,
            0.32267439365386963,
            0.3186063766479492,
            0.5328846573829651,
            0.9999997615814209,
            0.1621471643447876,
            0.3356892168521881,
            0.19257310032844543,
            0.34874194860458374,
            0.40176576375961304,
            0.44076842069625854
        ],
        [
            0.2335263043642044,
            0.12095116078853607,
            0.18600019812583923,
            0.12952779233455658,
            0.23585745692253113,
            0.24658742547035217,
            0.19453290104866028,
            0.1859082579612732,
            0.1438952386379242,
            0.16266176104545593,
            0.10361414402723312,
            0.1484648585319519,
            0.1621471643447876,
            0.9999997019767761,
            0.17093035578727722,
            0.18705065548419952,
            0.07253983616828918,
            0.116183340549469,
            0.24658742547035217
        ],
        [
            0.23427745699882507,
            0.010442448779940605,
            0.019308321177959442,
            0.15158295631408691,
            0.2527502775192261,
            0.3926076889038086,
            0.32162439823150635,
            0.3562626540660858,
            0.3652828335762024,
            0.3235054016113281,
            0.23121732473373413,
            0.33280521631240845,
            0.3356892168521881,
            0.17093035578727722,
            1.0,
            0.10511940717697144,
            0.22370067238807678,
            0.22225938737392426,
            0.3926076889038086
        ],
        [
            0.43370258808135986,
            0.21142908930778503,
            0.23054984211921692,
            0.06161608546972275,
            0.11871284991502762,
            0.14570990204811096,
            0.17379583418369293,
            0.14818382263183594,
            0.1315566450357437,
            0.0752008706331253,
            0.12283699214458466,
            0.12330247461795807,
            0.19257310032844543,
            0.18705065548419952,
            0.10511940717697144,
            1.000000238418579,
            0.09588716924190521,
            0.11942020058631897,
            0.14570990204811096
        ],
        [
            0.19712626934051514,
            0.17519541084766388,
            0.08341215550899506,
            0.1796175241470337,
            0.14608602225780487,
            0.5419974327087402,
            0.1596522033214569,
            0.19651028513908386,
            0.3319399356842041,
            0.25404298305511475,
            0.33669883012771606,
            0.29800400137901306,
            0.34874194860458374,
            0.07253983616828918,
            0.22370067238807678,
            0.09588716924190521,
            1.0,
            0.4933249354362488,
            0.5419974327087402
        ],
        [
            0.4305853545665741,
            0.24146312475204468,
            0.20500710606575012,
            0.37291833758354187,
            0.18843725323677063,
            0.5153802633285522,
            0.21852388978004456,
            0.11367151141166687,
            0.40326717495918274,
            0.28881970047950745,
            0.3757213354110718,
            0.3239881992340088,
            0.40176576375961304,
            0.116183340549469,
            0.22225938737392426,
            0.11942020058631897,
            0.4933249354362488,
            1.0000001192092896,
            0.5153802633285522
        ],
        [
            0.4148840308189392,
            0.19622160494327545,
            0.17349711060523987,
            0.25331780314445496,
            0.33011382818222046,
            1.0,
            0.34974369406700134,
            0.3601566553115845,
            0.46568095684051514,
            0.42196035385131836,
            0.4144420027732849,
            0.4179690480232239,
            0.44076842069625854,
            0.24658742547035217,
            0.3926076889038086,
            0.14570990204811096,
            0.5419974327087402,
            0.5153802633285522,
            1.0
        ]
    ]
}